  nodeRadius: 100
  nodeSafety: 10
  pathfindExtend: 1000

  kpPos: 0.001
  kiPos: 0.000000
  kdPos: 0.0000
  kpOrientation: 0.5
  kiOrientation: 0.000000
  kdOrientation: 0.0000